# expected T_rel (velo frame) for each consecutive pair; frame 0 has no previous.
# use to check your step-5 output later.

frame 0->1:
   0.99939   0.03490   0.00000  -1.50000
  -0.03490   0.99939   0.00000  -0.00000
   0.00000   0.00000   1.00000   0.00000
   0.00000   0.00000   0.00000   1.00000

frame 1->2:
   0.99939   0.03490   0.00000  -1.50000
  -0.03490   0.99939   0.00000   0.00000
   0.00000   0.00000   1.00000   0.00000
   0.00000   0.00000   0.00000   1.00000

frame 2->3:
   0.99939   0.03490   0.00000  -1.50000
  -0.03490   0.99939   0.00000  -0.00000
   0.00000   0.00000   1.00000   0.00000
   0.00000   0.00000   0.00000   1.00000

frame 3->4:
   0.99939   0.03490   0.00000  -1.50000
  -0.03490   0.99939   0.00000   0.00000
   0.00000   0.00000   1.00000   0.00000
   0.00000   0.00000   0.00000   1.00000

frame 4->5:
   0.99939   0.03490   0.00000  -1.50000
  -0.03490   0.99939   0.00000  -0.00000
   0.00000   0.00000   1.00000   0.00000
   0.00000   0.00000   0.00000   1.00000

frame 5->6:
   0.99939   0.03490   0.00000  -1.50000
  -0.03490   0.99939   0.00000  -0.00000
   0.00000   0.00000   1.00000   0.00000
   0.00000   0.00000   0.00000   1.00000

frame 6->7:
   0.99939   0.03490   0.00000  -1.50000
  -0.03490   0.99939   0.00000   0.00000
   0.00000   0.00000   1.00000   0.00000
   0.00000   0.00000   0.00000   1.00000

frame 7->8:
   0.99939   0.03490   0.00000  -1.50000
  -0.03490   0.99939   0.00000   0.00000
   0.00000   0.00000   1.00000   0.00000
   0.00000   0.00000   0.00000   1.00000

frame 8->9:
   0.99939   0.03490   0.00000  -1.50000
  -0.03490   0.99939   0.00000   0.00000
   0.00000   0.00000   1.00000   0.00000
   0.00000   0.00000   0.00000   1.00000

frame 9->10:
   0.99939   0.03490   0.00000  -1.50000
  -0.03490   0.99939   0.00000   0.00000
   0.00000   0.00000   1.00000   0.00000
   0.00000   0.00000   0.00000   1.00000

frame 10->11:
   0.99939   0.03490   0.00000  -1.50000
  -0.03490   0.99939   0.00000   0.00000
   0.00000   0.00000   1.00000   0.00000
   0.00000   0.00000   0.00000   1.00000
