1.000000e+00 -1.180454e-19 5.763500e-20 -1.734723e-18 -2.215317e-19 1.000000e+00 -4.607924e-19 0.000000e+00 -3.716413e-20 -1.225779e-19 1.000000e+00 0.000000e+00
9.993909e-01 2.564429e-04 -3.489742e-02 -6.189676e-02 -2.465938e-04 9.999999e-01 2.865347e-04 -1.030554e-02 3.489748e-02 -2.777547e-04 9.993909e-01 1.499298e+00
9.975642e-01 5.224226e-04 -6.975225e-02 -1.760801e-01 -4.830380e-04 9.999997e-01 5.815004e-04 -2.016622e-02 6.975252e-02 -5.463909e-04 9.975642e-01 2.995525e+00
9.945223e-01 7.976149e-04 -1.045220e-01 -3.424108e-01 -7.090446e-04 9.999994e-01 8.845376e-04 -2.957001e-02 1.045226e-01 -8.055814e-04 9.945222e-01 4.486859e+00
9.902687e-01 1.081685e-03 -1.391644e-01 -5.606864e-01 -9.243382e-04 9.999989e-01 1.195277e-03 -3.850548e-02 1.391655e-01 -1.055010e-03 9.902686e-01 5.971482e+00
9.848087e-01 1.374285e-03 -1.736371e-01 -8.306408e-01 -1.128657e-03 9.999982e-01 1.513340e-03 -4.696172e-02 1.736389e-01 -1.294374e-03 9.848085e-01 7.447587e+00
9.781490e-01 1.675061e-03 -2.078982e-01 -1.151945e+00 -1.321751e-03 9.999974e-01 1.838340e-03 -5.492843e-02 2.079008e-01 -1.523381e-03 9.781487e-01 8.913374e+00
9.702977e-01 1.983645e-03 -2.419060e-01 -1.524208e+00 -1.503385e-03 9.999965e-01 2.169880e-03 -6.239591e-02 2.419094e-01 -1.741751e-03 9.702973e-01 1.036706e+01
9.612642e-01 2.299661e-03 -2.756190e-01 -1.946976e+00 -1.673339e-03 9.999955e-01 2.507556e-03 -6.935507e-02 2.756234e-01 -1.949220e-03 9.612637e-01 1.180687e+01
9.510597e-01 2.622725e-03 -3.089960e-01 -2.419734e+00 -1.831405e-03 9.999943e-01 2.850957e-03 -7.579741e-02 3.090017e-01 -2.145533e-03 9.510591e-01 1.323105e+01
9.396966e-01 2.952443e-03 -3.419966e-01 -2.941905e+00 -1.977391e-03 9.999929e-01 3.199665e-03 -8.171511e-02 3.420036e-01 -2.330453e-03 9.396958e-01 1.463786e+01
9.271886e-01 3.288412e-03 -3.745804e-01 -3.512854e+00 -2.111118e-03 9.999915e-01 3.553254e-03 -8.710093e-02 3.745888e-01 -2.503753e-03 9.271876e-01 1.602560e+01
